45
0  0  0  0  0  0  0  0  0 1  1 0 0 0 0 0 0 0 0
1 -1  0  0  0  0  0  0  0 1  0 0 0.2 0.9 0.4 0 0 0 0.3
1 -1  0  0  0  0  0  0  0 1  0 0 0.2 0.4 0.9 0 0 0 0.3
1 -1  0  1  0  0 -1  0  0 1  0 0 0 0 1 0 0 0 0
1 -1  0  1 -1  0 -1  0  1 1  0 0 0 0 0 0 0 1 0
1 -1  0  0  1  0  0  0 -1 1  0 0 0.9 0 0 0 0.4 0 0
1 -1  0  0  1  0  0  0 -1 1  0 0 0.4 0 0 0 0.9 0 0
1 -1  0  0 -1  0  0  0  1 1  0 0 0 0 0 0 0 1 0
1 -1 -1  0  1  0  0  0  0 1  0 0 0 0 0 0 0 0 1
1 -1  0 -1  1  0  0  0  0 1  0 0 0 0 0 0 0 0 1
1 -1  0  0  1 -1  0  0  0 1  0 0 0 0 0 0 0 0 1
1 -1  0  0  1  0 -1  0  0 1  0 0 0 0 0 0 0 0 1
1 -1  0  0  1  0  0 -1  0 1  0 0 0 0 0 0 0 0 1
1 -1  1 -1  0  0  0  0  0 1  0 0 0 0 0.9 0.4 0.4 0.4 0.4
1 -1  1 -1  0  0  0  0  0 1  0 0 0 0 0.4 0.9 0.4 0.4 0.4
1 -1  1 -1  0  0  0  0  0 1  0 0 0 0 0.4 0.4 0.9 0.4 0.4
1 -1  1 -1  0  0  0  0  0 1  0 0 0 0 0.4 0.4 0.4 0.9 0.4
1 -1  1 -1  0  0  0  0  0 1  0 0 0 0 0.4 0.4 0.4 0.4 0.9
1 -1  1 -1  0  0  0  0 -1 1  0 0 0 0 0 1 0 0 0
1 -1  1 -1  0  0 -1  0  0 1  0 0 0 0 0 0 0 0 1
1 -1  1  0 -1  0  0  0  0 1  0 0 0 0 0 0 0 1 0
1 -1  1 -1 -1  0  0  1  0 1  0 0 0 0 0 1 0 0 0
1 -1  1  0 -1 -1  0  1  0 1  0 0 0 1 0 0 0 0 0
1  0  0  0 -1  0  0  0  0 1  0 0 0.9 0 0 0 0.4 0 0
1  0  0  0 -1  0  0  0  0 1  0 0 0.4 0 0 0 0.9 0 0
1  0  0 -1 -1  0  1  0  0 1  0 0 0 0 0 1 0 0 0
1 -1  0 -1 -1  0  1  0  0 1  0 0 0 0 0 0 0 1 0
1  0  0 -1 -1  0  1 -1  0 1  0 1 0 0 0 0 0 0 0
1 -1  1  0 -1  0  0  0  0 1  0 0 0 0 0 0 0 1 0
1 -1  1  0 -1  0  0  1  0 1  0 0 0 0.9 0 0.4 0 0 0
1 -1  1  0 -1  0  0  1  0 1  0 0 0 0.4 0 0.9 0 0 0
1  0  0 -1  0  0  0  0  0 1  0 0.9 0.4 0 0.4 0 0 0 0.4
1  0  0 -1  0  0  0  0  0 1  0 0.4 0.9 0 0.4 0 0 0 0.4
1  0  0 -1  0  0  0  0  0 1  0 0.4 0.4 0 0.4 0 0 0 0.9
1  0  0 -1  0  0  0  0  0 1  0 0.4 0.4 0 0.9 0 0 0 0.4
1  0  0 -1  1  0  0  0 -1 1  0 0 0.9 0 0 0 0.4 0 0
1  0  1 -1  1  0 -1  0 -1 1  0 1 0 0 0 0 0 0 0
1 -1  1 -1  1  0  0  0 -1 1  0 0 0 0 0 0 1 0 0
1  0 -1 -1  1  0  1  0 -1 1  0 0 0 0 0 1 0 0 0
1 -1  1 -1  0  0  0  0  0 1  0 0 0 0 0.9 0.4 0 0 0
1 -1  1 -1  0  0  0  0  0 1  0 0 0 0 0.4 0.9 0 0 0
1 -1  1 -1  1  0  0  0 -1 1  0 0 0 0 0 0 1 0 0
1 -1  1 -1  1  0 -1  0  0 1  0 0 0 0 0 0 0 0 1
1  0  0 -1 -1  0  0  0  1 1  0 0 0 0 0 1 0 0 0
1  0 -1 -1 -1  1  0  0  1 1  0 0 0 0 0 0 1 0 0