-17.598719690902215
21.683997790085296
0.16506420316933085
-0.134725343944669
-0.35058005693751504
0.00812926370807983
0.1104168765739422
0.536972601734868
0.35336213594414057
-10.346115997697146
-16.357480761816387
4.155307415502533
4.022045138160509
15.650158843741647
-1.7968485257729525
-1.6694235257277223
-0.5129512944234859
0.5615817322722738
-0.33642338887327183
-7.39493826978459
-12.034695842135427
13.519431297023633
9.409889312194617
10.423979052653744
-7.988633051899358
-2.419920127320772
-2.4156757584283115
-2.6211365678381475
-2.2766376891734317
7.365844485626293
-17.855790711248027
23.061803351262494
-0.4176710734864304
-0.6161353614146786
-0.7486858582908402
-0.27069303314309123
-0.2717848844521867
0.22601976068474502
2.0722095659942075E-4
-10.196748431770265
-17.71940953758349
16.74454464165434
0.9167115868699247
10.503496691810282
-5.35167990060775
0.48770911419873586
0.4315643594457196
-1.2643466784501618
0.7045802086301082
16.985668148674424
-1.8440125169102946
13.979867597648255
-5.3577245836265615
-8.781810890013128
-5.427797374910419
8.02296202739396
5.621644704766276
-0.06607780203679668
-2.640016502455903
13.908138464183608
-21.68242244135449
12.59917739148693
3.0177193707928733
1.209463688873746
-0.04966110539569052
1.5430467787258595
2.501225966040282
2.7002129871900937
1.8154571543477958
-10.623713676475177
19.157467378343462
-4.052157882235547
-13.854086683828179
-1.7061901026641344
-4.490786861095864
2.0233599028982487
9.350534304045233
-0.7376817917941499
-0.3951045669435663
4.468797737012104
-17.02566937204552
21.395973808452254
-0.45117595882979955
-0.3897809691898168
-0.5974714036543272
0.014749396716347377
0.021495884366675114
0.4784744475805442
0.2037498752703214
-9.211886692512731
-15.658049090170895
-4.174343900704231
3.91687727707587
4.837373651825034
-0.7286013453580323
6.183479611052285
4.8236680668710505
4.4520882760282765
1.6226184671817299
15.75554378968234
5.961263966017949
15.619715547565216
-18.159396864062032
-0.720940611916924
3.126217062476721
-0.29261744397932
0.16885144601977814
-0.42329596657378016
-0.09740891670543533
20.915918027785267
-7.746923132800223
12.986635072741784
-6.012058256450087
9.613974936792898
-1.4555121285436277
0.5320977274679072
-2.0971836950908047
-0.4221713653220969
-0.32596591485432364
-23.23846768898386
-7.497523604300649
17.179232330891782
-11.220275808613493
10.218229045135073
-2.2010265863006855
0.8119437357966043
-1.4314079792552528
-0.9138660371929187
-0.6899316921402769
-16.33176456104459
-17.31778355978979
23.32505643384062
0.024436431776807425
-0.38741149605505903
-0.3749625594776263
0.12345374897667033
0.0069186515213286795
0.5004073714254936
0.31034934293440375
-10.058489279141208
5.5630426083157065
6.646312614341601
-0.3382030895367565
-8.70468273055626
-7.908398967267603
3.2687864769759205
2.2342977165373776
3.274443562835428
-0.5298096575586095
-18.184242985533846
-11.882171821876996
11.492164857223667
-0.5284744312484166
-0.9772654232639068
-5.503797701980368
0.695116564947569
7.325507883049998
3.514799023084183
0.4304819861525768
-20.461536221570725
-24.779020159017772
12.132602819670973
3.8327943394072186
1.0279070024135264
1.9127665595934507
2.0191639469642486
2.8737863101730166
2.9069007814421077
2.2038364432233424
-11.472899676001083
-9.86045601797778
-11.484348819419528
1.5736784072011467
6.086717004231338
5.185890399819246
4.732342636965403
3.9115069824913964
1.5996827579483275
2.075386803481918
14.350101662146718
-6.884680620645688
2.61924385417189
-4.9637936013986215
23.716078101313723
-4.579864064854818
-1.9780199050664857
-2.358943187511672
0.6171310007627689
-0.8407608032724969
-10.178839232732576
-15.656784032863214
20.552419868905506
-0.2447946848852658
-0.7120754950505985
-0.759905858483348
-0.09001506060287699
0.02261142236801135
0.44251426982053443
0.23114072456452067
-9.188463079757163
-16.85396052197015
21.97939962254909
0.11856317018858822
-0.09580673519058602
-0.24526182871170218
0.2062194376710285
0.24321869473238858
0.6875693047418064
0.5139880064533928
-9.570830459173415
-22.745309365483504
12.884347276293816
3.6003358126442424
0.4724231004634906
1.235313080857138
2.7965126531242537
1.645729167372651
3.1254332184691194
1.4994962322003877
-10.46227384072252
-16.363100872042747
19.948542795606258
0.8344554669697367
-0.14854169057733824
-0.4784755061656968
0.0015919767222836282
0.3997272895392043
0.8730940320162224
0.8563578623185383
-10.053768537420446
-23.701822541906758
11.772317125522296
4.682397201469153
1.03665410627924
2.244045484314498
2.2664973761303444
2.284601294368191
2.64075557608806
1.9943502950875323
-10.478167492258363
1.5572774837626002
-14.034191329126648
6.679618773550211
9.281799077689334
-15.707570836494712
5.366803043303523
3.228321314266536
3.279440341397181
4.679604000865703
-9.169654158837833
-14.154798367377541
18.49972544209851
13.393970317132728
4.612076103185229
-2.6088332553085634
-5.099124115781885
-3.650040220178786
-3.263894203021662
-2.393087409416329
-6.232651336700042
20.53662946429598
-16.397118969471435
-1.959644410207725
1.5602382925188842
-0.7449629329450446
0.15769772635255522
0.675650815188618
0.42232084468045494
-0.36971855845353035
8.718300633652644
-3.9230669725676846
12.383225174905595
-10.167647182308933
0.7457414564336651
-1.1611765192933075
1.4415125433413924
1.4077442240238158
0.7564068288431193
1.736562106792001
19.041190674764614
-9.820555789518034
-8.175758520598318
3.0430745162255013
23.541786875258957
-10.159376215779409
0.3662472866561922
1.264425111931391
1.9095143346158296
3.1349633320760084
-5.931153259136915
10.426682519267038
3.225836519738616
1.4385897395640344
5.061641036682034
-7.983238462143189
-3.245059371553129
-4.421235335481793
-1.1778119274513392
1.1244808458190543
26.229639378056888
-14.382135903996732
-4.692796464736754
8.192793377761882
4.572836531022501
-3.3358077612952166
2.7431378888016664
3.8418113312390423
3.8472896286147598
3.953658439523103
-21.464866751611265
3.190686528563888
5.9803565976347794
-0.6097155227464073
2.5078450517673807
-0.9953392482937018
-2.8307181687093856
-1.521830589969403
-1.3553862183832655
-0.44642664512863517
25.26397355086018
-17.51385414068976
22.886515043706943
-0.12425683944345124
-0.3412649438769586
-0.48973223757434226
0.02245453447070487
-0.00742481672199578
0.5128701269363909
0.28621579106338335
-9.788978724688336
-23.96957720162041
10.108240854742562
5.523599804137256
1.7943861630474474
1.7391304660523397
2.0134796339060577
2.089651565620295
2.570099450387826
2.2160826978540356
-11.032658459054513
-15.63138182481447
1.2139845297109892
2.461063118091271
17.252153907309875
-3.5353764105424297
-2.5136216091904635
0.0899610590754285
4.252619885407036
1.0331072916720794
4.08180886938516
1.0435532683356377
3.4544397767174955
0.5252446621133177
6.304085446928681
-1.8183389643244714
-0.5657822766260355
-2.9014588884481483
-0.8625764460904142
-0.8198126426285741
25.76540725579645
4.176887540370853
-2.376347232683145
1.9142062985091395
2.780471591138809
-7.192345249989211
-1.2068411948901758
3.550754567016212
0.5063015014096286
3.0917095201332527
-23.122060361229902
10.116430076860496
1.6761108032656908
-10.368088104056229
14.467440743599646
-9.170217702121736
-1.6941158647062058
0.7539013192539525
-1.595292853693071
0.4778166838141951
7.750522906362048
-2.3512810575793215
1.1068133413307664
2.1530475606754313
10.694294052325146
-0.30845757086023096
0.7327043544564447
-3.5770866674251294
-1.385843171497148
-2.204365876777724
29.403393906141286
7.337933170160406
11.86812633433858
-3.337175728240807
-1.089143429698483
-1.5562725354470812
-1.338315380157308
-2.3640884618796223
-2.870631872230487
-1.5965121875607158
22.60234358502734
-12.783194310861179
24.428163691812678
-7.07365717370503
3.894377098922452
-2.8866992719798397
0.9757035038442905
0.021833650622001603
-0.4095331467556737
-1.1626559677008064
2.1068529141399344
-18.15013882793978
23.646935552839803
-0.046274290404652925
-0.5630036462605145
-0.6185694494778106
-0.03737617975981028
-0.17584828697507496
0.4013079757050637
0.19729276364986417
-10.68771968786479
-11.65919662530386
9.994045200504182
-5.499271360491559
3.4019828697287293
-0.24317091809529406
4.292032612319923
0.08813056240157854
2.1968482469563915
2.1746594966094253
-19.56013038580903
-13.815780808076184
18.62498956181658
-1.5337797543412859
-1.2948891537462865
-0.30765416892976855
0.7109139502978634
0.88692565189355
0.5741373421666073
0.7052682250652796
-11.38342288236078
-12.105172762652117
22.438976196545568
-7.890027179101376
-0.30119893343268084
-0.8461101956562842
0.9763485236022088
0.8471543404138898
0.7646696524410809
0.4111526648578649
4.958687341524764
-13.00474842313174
24.437063285524786
-7.921313939786246
-0.4367198474016998
-0.8425255720413122
1.0056768410146286
0.7719532018358749
0.5033271925182883
0.2635988254984979
5.713374771640693
-11.009779016363849
-4.965843743082663
8.719591266435554
8.087716044020128
-10.048841141717602
6.957920636958556
0.8674608433251104
2.2324821832795885
3.0412263265024797
-16.972909855352633
-0.0802975423734341
-7.211424343096499
5.8463133497192405
6.049259425172186
-6.315639978871535
1.7422544450361823
3.093568766534694
1.3645854719249393
1.9172667222356545
-21.155355870329814
2.830163718955439
0.1514490483583655
0.2992338786307395
1.8670820568236401
-0.09980996272850083
-0.31127636292596267
0.6940849134197333
-0.6187347169645244
2.697364968570582
-0.4457728896845917
-0.45553792498373075
-0.026107062339667784
0.6145862918414705
-0.02977694896224006
0.22957686836311206
0.6862698116901629
0.3282249892512046
-0.8047572479311251
-0.18180226459530394
2.1840644113662484
1.0957413840723513
1.0345793099049194
2.384315859107211
0.7692142607455495
-0.46728681562236934
-0.1894884178037585
-0.4809366902889601
0.20439754626489334
-0.5388693138278201
0.46454297864588956
-0.3178382990682277
-0.795731803328794
1.0920384448344744
-0.33819144447629723
0.4651738904679052
-1.1410199631868794
-0.22851546077685378
-0.43825877759340387
-1.3413550979080764
-1.1484203675086604
-0.6134839726463829
0.7622202102196203
1.296001603494847
1.460211945945648
1.0879071519836303
-0.26787075701382307
-0.20020079100294785
0.12685709190429895
0.23033042080099292
1.0492652023400124
1.1254750927703403
0.5950542641871569
0.5718778135668572
-1.2543556511249447
-0.39246886931301844
1.63207453873268
0.21919034377906427
-0.04156751467382612
0.7606690400261827
1.4138653645484722
-2.767603566389269
-2.779699336294406
0.7787577334810574
-0.14246855265691435
1.2560903521715894
2.165504784772064
1.3771672395435188
-1.6079040810778282
0.14854641547530684
1.099711711254515
2.001343667484064
1.2424266367249903
3.270678698166187
-0.5422547759162362
-0.5241432652271163
-0.6266233812620636
0.5212798794869588
-0.5970992072593364
-1.1875751224988844
0.23782424593501736
-0.810849054823002
0.5075198621406763
3.353228973960068
0.44369356396339293
0.3249586104010989
0.33062731956294433
-0.5463448719519521
-0.3109335383239535
0.18514215586045862
-0.0326450588093357
1.1749738555485134
1.7961260801461272
1.3185801168822529
0.6746124455518887
0.12977143608903385
1.3533130833356537
-0.37634452268178453
2.05308321708548
-1.7455709303906617
-0.30845781905934044
0.585860486672323
-1.611192240259732
-1.3016257130036206
0.09458817478047833
-0.6515192645806336
0.17182918026888339
-1.4527284999252534
-0.5217240087378929
-0.3515626227903964
-0.8397870621298004
-0.5532823289218052
-0.7352802449104389
-0.19756252406997565
-0.6195359909117473
-0.2776461585820041
-0.00488558409283454
0.1680567931744881
-1.9065993919355742
-1.3408531047982506
-1.5305279954378692
-2.2183898731230163
-1.3559725708189045
0.017315575883540043
0.24788050964908662
0.6338248039072929
-0.02078550668539714
-0.14119615400109584
1.00497201313552
0.7592469450717422
3.3698787827779464
-1.0578032099657186
-1.594374952181108
-0.4896757878572428
1.5366505548052303
0.15517775852689566
-0.16197730600219917
0.47628066317965073
0.5720795996593223
-0.37439564075979515
-1.1987903443944457
-1.2042671177768474
-0.8050282025661718
-0.5235693191139865
-0.34521797880099736
1.4580820927865459
0.2876063294416271
-0.11427424999994089
1.200469171710004
0.1613913250151481
-1.5107701357842556
1.8815399693559784
0.6176011430746176
-0.5397852152583936
1.17476584746653
0.12688087537858245
1.3685715310253297
0.3876786507233164
3.6917194275989775
-0.6859766854989702
-0.04494518409724263
0.6541310134106507
0.15133593552912103
0.6817360765986261
1.0084520738601133
-0.5628430703337189
-0.2282299641887322
0.8756124398041435
1.5232281663176743
1.6379032256510528
0.6069632818965193
1.270086623914177
-0.2458138486301337
-1.0142378679917932
-1.3665024731727635
0.3273142260230012
0.06020482025270968
-1.1787081132627975
0.008257695274955483
0.7935782090612459
1.701146767985458
1.287603985224457
-1.1033707301796323
-0.7035164030160993
0.7675584525891217
-0.22265712865568751
-2.564509069457482
0.9051803622184016
1.4636745714477546
1.1646288015659032
0.14881007286158887
0.24837693582637527
0.3609580194424338
1.4381641902688977
-0.046328026890996604
-1.9675045152353507
0.5058208775107375
1.7973660625415044
-0.8917906425618045
-0.37109250687458334
0.8092005415721784
0.5663288748401284
2.1861658183939743
0.37617568301256166
-1.0097755659800915
1.4126630658129866
-1.7978870791984092
1.7774040587226074
0.3952421486851618
0.11334998801860421
1.2973258145244035
1.0683295386564833
-0.057935701659949226
0.668733716552985
-1.3325542080747497
0.38424903563565804
0.15029245221606274
0.9541904693503198
1.6624230911743911
1.2085385332773442
1.1856347505484341
-0.2883386361569197
1.5657339774239831
-1.887107394039662
1.4405944610453436
-0.7567619924018831
0.07736462843347802
0.6985740980434796
-1.1659629135335388
1.2118905160502078
0.21447082119823987
-0.1303888485660355
-1.1637801505798546
-0.879757208961639
-1.2438904320650868
-4.300297453063233
1.5533209687174727
0.6985415857455296
1.2818088768504927
0.1042741186780995
-0.6250503560027729
1.080019753431357
0.5207670586227762
0.5674451876375073
0.26088357196478823
0.7802502153802343
1.3494207931103293
0.5311221069125827
0.48041918020913815
1.0435850598561809
1.0005621666329283
-0.164135595409363
1.5013402139811962
-0.3936624312497125
0.9122674898321486
0.9048971286010504
-1.474823259475457
0.260663045203646
-0.037250922895961686
0.7459231225596706
0.41731356837368716
0.5719985021949013
1.229759044569662
1.8347555324192546
0.904623681523689
0.3531324232422031
0.5124333409713656
1.033422883197173
1.9766852410123272
1.4033265277321796
-0.020181537577194788
-0.4116562919258312
0.10782205936357489
0.5986759013082
1.7287692299400292
-0.24431410661888006
1.851189545587349
0.453278533518745
1.547980900520423
1.4904021851659277
0.3946747579986693
0.2834929254393194
-0.04534158096606734
0.4187943858979597
-0.1534061664412616
-0.7679767101228351
1.7818165874403635
1.3784489431572526
1.1696206419951647
1.2130362119001774
0.11852394152517019
0.4427319431364952
1.4158923281797937
-0.3243874906833592
0.08618278214701697
0.3715574145053708
-0.9630938378010827
0.8478940700911336
0.41605197808305616
-1.5135861836593133E-4
0.16398838298460455
-0.043872200123044484
0.36993354323605937
0.31482105453452836
0.05001654168027502
1.941414593834127
0.10776296787874128
1.0597489386173835
1.0216400821511695
-0.2625056831110551
0.14852867340766515
-2.216901461169372
-0.7389554975267266
0.7178162665982272
-0.006673964092385442
0.6704918288275795
-0.48840186034997257
0.5120310566747717
-0.38259895429711044
0.2698740965237602
0.8074593418694246
-0.03755500766189926
1.2381031755829233
-0.5742033995848868
1.9940647450262354
-1.983108653984777
2.354217584239742
0.6981826964407246
-2.06570046359827
0.5003962206638187
3.279729450088733
0.868659025311407
-0.08352696039549515
3.110126743941808
2.167193143026701
0.8071812546694404
0.21650877389768536
-0.0950963140170038
-0.04382200578833591
2.008748910919557
0.8990745497673357
-0.9474637662908288
1.1584620452983454
1.447068516436242
-0.05205161816967441
-0.49508348551145753
0.020438644687022427
0.06943863190092844
-0.8883671856856266
-0.03052051450551042
-1.2197369556019688
0.8624376923695211
0.7050378029469349
0.6202785195891845
1.1726271842045908
1.4243736100570195
0.7832260394814295
-0.5567440679326181
-0.22874447387170854
-0.4495564314010691
-2.1345132535726252
-0.2337619726268604
0.9749671270608662
2.23497430500372
-0.9922679565347113
-1.5558215925094474
-1.5491900605817672
-1.7478882283697488
-0.7409007130711754
-0.2765869901808778
2.002175054734013
0.019813196696565817
0.1134519452466822
0.34221102226730066
-0.6231940902336695
0.8822357317298527
0.029495012975247602
-2.771113760909779
0.4962082018057929
-4.221769386085651E-4
-0.6755112921217029
1.2056539970876101
-0.024877366404274424
0.3197992530152989
-0.9033115118598144
0.022707803612206957
0.3947468263935882
0.9689022772747312
0.40623028085080665
0.06403736273134973
-0.9692468989550735
-0.42315506765813127
0.3764337158348345
0.09143443063907995
0.8858770995545898
0.05954139748109418
-0.9328744086435189
-1.1439502733281042
-0.6362650218403905
1.6309613810531496
-1.6778548499486228
-1.1895446022900642
-0.20345473040998066
-2.0781670765064266
0.22455317349406098
0.4832579161199282
-0.6495582538188732
0.6361490088324233
0.3795079135445816
2.0053421005779235
0.34701007695516817
-0.031328703370302816
-0.8489494440678382
-1.1257096704739324
-0.8156937035384647
0.0436469800786115
-0.42755141685491854
-0.9215650627955096
2.804492596474678
-0.5100493264446071
-0.6975528670077706
0.5434330661730672
-2.2786797902117293
2.1673138833824623
-0.45858479505838007
-0.6490552118499842
1.869164183198665
-0.47309369472145496
-1.350087784127291
-1.327405112255153
-0.8747294693196214
-3.860856154124074
-2.4637615162833217
-1.7453395841220192
-0.7159597658890864
1.7264101389812367
0.6330991091439478
-2.227574720869044
-2.1077096327145872
2.6671174049039084
-0.6554324367599583
-3.2969809865985833
1.6286250523319212
0.7413911736242517
0.5356722929420983
1.908764917213845
0.22260250334909001
-0.365432400652308
0.6715224125029732
-0.2995510714525383
1.0876932779591122
0.003701026639928393
-0.22606803252065544
0.7212107267621246
0.5607861247383638
1.0946221384181887
-0.26254258082735693
1.0651593332535336
0.8294304966055891
-1.0031671682273047
0.664443344355153
1.7237644511310453
1.3711881038016298
0.8171379073178575
0.6061917099155467
1.2102699923444957
-0.8317238274124951
-0.46684283580066827
0.6492081829088343
0.15084278549527977
0.23577125849035552
-1.3726022987056987
0.12803998097021438
-0.25642351204698516
1.728152439406202
1.6685958005982877
0.6784914068491724
0.10560616933366632
0.12886787793988808
0.17456209283446408
1.2244724719223294
-0.46312039280591416
0.2089070322663935
1.8915517285014745
0.7836836986759834
0.644504099965201
1.2581841524584731
-0.18002219237797554
-0.18396943986976905
-0.10506216497050493
0.42591073338038643
-0.7585385977152138
-0.23203911387466736
0.6324359113117296
-1.0432430077599353
0.9674738442598126
0.5819867951489344
-0.02981229720147479
-0.2526128763458808
-0.47266758074484044
-0.27357436323181666
-0.018116801022991964
-1.42566100752432
-0.21651001616074855
-0.4952730198143738
0.21896529771834722
-0.6686594787021005
-0.5157134444337883
0.26833116160055825
-0.7285618263381571
-1.2626235127677723
-0.3284468835987242
1.3199278339283822
-0.8890662846618218
0.9603292988063615
-0.6681637552956912
0.8800202597909038
-1.4193265032303437
1.8713386546227972
-0.04224994718779883
1.5327199667481504
0.5464441716913243
2.763156266635269
-0.09523621936881704
0.3843416081126525
0.5457763970481851
2.6092492324734873
-2.259383015399644
-0.5746111860898814
1.4268761504886736
1.801471238942419
-0.28213609691375136
-0.8568478096622854
-0.7187051113036222
-0.5242770982468048
0.5911874858245743
0.10953193130255773
0.9486250952416068
-0.32206108853521076
1.9530890323116754
0.8009324687470732
-0.09379101926232952
1.5135478399927058
0.4747132781365049
0.27232588470292124
-0.32999859563521444
-0.5774296646752833
-0.8707347370485934
0.11479419868371346
0.6836716585077758
-0.9042392353917884
0.6758476295005704
0.3679187986728418
0.9637522211586858
-1.2518062300287447
-1.1766584097957835
1.9337476673760607
0.5046609632304868
-0.32104422585003123
-0.014848477902186848
0.3721476597671994
2.4676071685416057
1.196000685556801
3.4524959237361137
-0.2741192374403753
1.8648279381974966
-0.9503827566132149
0.28560047436502695
1.1103348227219254
-0.22191542104391615
0.6608565786647117
0.7989038114709833
0.479432674869705
3.377324929495389
0.2055714673866579
-0.0691988071222917
0.10402511378814687
-0.09180811557958837
1.8681186335142055
-0.5662826525584422
-0.4847127411500491
0.8827726663903729
-0.5319199555037248
0.5170691617603047
0.7618199645172025
-0.14365462221387462
0.3313085776620569
0.3911219918037409
-0.011925028718536589
1.0914239911479853
0.13001342339668726
-0.19837563649416595
1.9053271559920866
1.380267051727862
0.1735187791409092
0.44942977265022727
-1.9424521572494082
1.4389523171562504
-1.6683781516157528
-3.3738832315721763
0.6028538537605053
-0.6417268790854731
0.6777769921798766
-0.02636628849197692
-0.4009016701761974
0.10718022303107017
0.19914177630289517
0.11058317319511482
1.224247324249919
1.2565185233118534
1.0263024848547329
-0.29885979588958084
2.246675025961173
0.12425723758276686
2.2962775047382875
-1.4270463596240095
0.2915266538884939
-0.447410768816056
-0.450527238894604
1.6324925031250463
-0.07757633867660636
0.9343714501566704
0.7277319111784147
0.38422308826068147
0.712466377828812
-1.9653931626495516
-1.9032087552815775
0.7816160257484931
0.4725572045698688
-0.16255870608552372
1.069799440092518
-1.3934622855508982
-1.4223559626037918
0.015441354006847381
-0.38866041708072485
1.2698633135556727
-0.35843588304678986
1.3359630252081993
-0.8434353359974304
0.448700225452586
0.6573826551868903
-0.9229582252986948
1.0328005060150682
0.13471479465226638
0.30129579326368305
-0.3901618020477856
-0.42114517193987383
1.2631775823260354
-1.0805751667939394
0.14847902843189056
-0.5597239900327542
-0.5385607754557691
-0.8895745866387045
-0.16027324726189868
0.4492005280565601
0.6572990199730916
-0.5887910102092936
-0.6316330152187836
-0.8741113323619398
0.8352028862395618
-0.5572125008971348
0.6734070975376182
-0.9188585561924468
0.12010860287087628
-0.2726952810814101
0.11387614659362506
-0.06197386599366163
0.7001283916619834
-0.12912664058819465
1.9245091816788604
-0.8741526900247196
0.301588162576305
-0.8937647646391275
3.1905925625997935
-1.749171116135207
0.5164597068518412
3.8302367864176152
2.1473210766786757
0.1005591636732768
-0.901793106599645
-1.4393262196724177
-0.5623510300074996
1.14676994890535
0.09690888880317697
0.10338676534487294
-2.032997722617904
2.5670273818051554
1.063109377208967
-0.9683727805188148
-1.0445263725031202
1.9413878125515545
-0.357559179628238
-0.2603664611504442
-0.13306835775148074
0.7667420925625034
1.1379863058646544
-0.7321774932082422
-0.6971570442607331
0.6693895769687749
0.9580931338571437
-0.31686298571446175
0.8139526987244823
0.5355205590730628
-0.6971391696873355
-1.2506790596132595
-0.38702797165610686
2.7932300725709216
-0.22205445993471878
-1.7100736759657138
-1.386069878034065
-0.9972652493854098
0.202149316045254
-0.19069409532209433
1.0526188395950513
0.5619069404282143
0.5743738153361443
0.07234327918843131
0.6437316182293019
-0.053886601545070884
0.30767850745922
-1.3695010356111632
-0.44821957684949
-1.1737199887169218
1.0509263900120722
0.23814728055700185
-1.4740260381030796
-1.5231580004379683
-0.564073118708353
0.6073641795214264
0.289892358541707
0.48947638431529894
0.913827201436598
-0.35215946884319377
-0.8605292374261088
0.030882630154850717
-1.2219929647441956
-0.7290318433790753
-0.5012468718383738
0.5405122613818173
-0.4181562478189408
1.4137584320353003
-0.6200215969867089
-0.5636417507737451
-0.9765196069000247
-0.34246674231052054
1.0429899267415466
-0.7279722855388814
1.1444244627742144
1.0248671540655836
0.24664138929940027
-0.6250632585514677
-1.2663554025914519
-0.38304713733647167
1.4483055083742686
1.1878055667962497
-0.4828815038199529
0.030070087575141763
0.09516950781018152
-0.07476591259225347
-0.9867020503671596
-0.11324906890152239
1.3110395112131814
-0.33714494594420064
-0.4329456401100475
1.0594208534780643
0.237749673110548
0.304639055439158
2.3211051558866727
0.32816879837564417
-0.1749802256007512
0.2214080004027824
2.1750399984114512
-0.9630103930748811
0.05808221489961593
3.3265550301079756
0.0975902541074397
0.9233395238292372
-0.2971401838035644
-0.9575110622104874
-0.8140379034284684
-0.16191448722644244
0.889760865448187
0.4371819747485978
-1.0063826955377786
0.6211924263985015
-1.244862022530419
0.6265092758941037
0.6232313276072273
-1.1547531544350924
0.07694328265011237
-0.3678988348903782
-0.04490657754861294
-0.48051892637167476
-1.3208750917244887
0.9854904882301256
-0.3271136606661928
0.3323479914571997
-0.22387755860419514
-1.4006136627249004
-0.7895935760720667
-0.06943694839838611
-0.4614388006242997
0.22517485895007117
0.5338591539951876
-1.5194852207567149
-1.4090606701665507
-1.4042836443976943
-1.079412899339439
-0.6317964994515066
2.5835043102808113
0.9123521379960206
1.645840176577187
-0.34195399189947207
1.3153476959770785
3.2149188802258357
1.1409349993002222
0.004199542364622178
-1.3761037876833406
-0.3192515434366086
0.8260359952910452
0.11423625839835298
2.308088654530727
-1.0796091549221758
0.5225038277500703
-1.5533452631700022
-0.9725118124324915
-1.4446649305601913
-0.10010004614972697
-0.9982479472684814
-1.8264589425767535
-0.7506587743962049
0.6529930855896636
0.6469746793407865
-1.5640532348600424
-1.286480911146112
-0.320343345851922
-2.8912908780105973
-1.0807270891297973
-0.08336547072673797
0.10644205915379093
-0.6391168546590894
1.4210476911878187
-1.9804603148970208
0.44544992632158825
0.7266848856874563
-1.1155218252126253
-1.7480924104695628
-2.10640316115084
0.510789994832712
-0.5402253517973433
-0.9329475815471443
0.6430997014282281
-0.8651153581376058
-0.7954139335080835
-1.3457413107460867
-0.6746044336390095
-0.1659076964281124
-1.504779293549057
0.30162776624400917
-1.997107073410698
1.3414188957040372
-0.2869303354613229
0.7306327191612345
0.7164628788647154
-0.6834942841387446
-0.17848933522699476
-1.007346900989635
-1.0303990063873942
-0.029806170215169615
-1.0289124428397294
0.3706470068875278
-0.5228045259402821
0.7104421666984017
0.4537347701169998
-1.1671025451155224
-1.4756806129279347
-1.9199536464114786
-2.143103142700579
-0.8054168241224943
-0.196298441546823
-1.3956755202801212
-1.3258610899993029
1.6120975460334683
1.8161775502122592
-0.056869121744584285
0.10594050836214426
1.8336953898112247
1.4090262767274933
0.5672095048502517
-0.6444940300229781
0.27575680850832024
0.820290316542681
-1.2421886921963192
0.05182634830319335
0.17074237625664418
0.07229623642663745
1.8571853937900085
-0.12255263677607658
-0.039452670827064905
0.9253749757479057
-3.032567342743153
-0.5823518735509141
1.1272966193062497
1.3476761121615435
0.8099942083838506
1.0536135832035298
1.0679821231030162
0.6104738426236673
-0.36897646318529825
-0.6059133427962689
-0.7799519651410056
-0.8364590593458261
1.223104275471368
-0.08297705861931565
1.2107991726388299
1.268526330384607
0.005607355365987884
-0.037975019991639644
2.0564724407371844
0.8279964099583188
-0.7888944346056886
-0.7789619678818588
0.2884943094271014
1.197281164516114
1.6194441053522333
-0.588207511528973
-0.21880773097342654
2.0275558578411337
3.0251694224870573
-0.22271511787435475
0.2852091036160745
-0.7035175667908569
-0.6432561770298151
-0.48893476480992304
0.7941969719971176
-1.0096262781690506
0.5390252648149119
-0.47597727998465594
-0.8641236425491852
-0.037299456621032234
-0.8390471981569008
1.5863923800698578
-0.7027314304911924
0.9967877163969119
1.0238746415143585
-0.1931468245922071
-1.5018870332504284
-1.386785622684316
0.6622224631378353
2.0633631875449674
0.7390118928844608
-1.613889819690639
-0.7804831256201535
2.1140257270758953
-0.04461957608443581
1.3322781155602772
0.2426189390832585
1.3997292088371562
-0.7422965738627743
-0.08441006484997167
1.5234160400422119
-0.08455344540025266
0.09699183142192386
0.5403443296202237
-0.01356856452238546
1.9826414185979209
-0.6326769172735748
1.477772642615252
-1.1987421200054214
-0.5258738879830922
2.2009392852528142
1.0550024532208777
-0.8203709024224168
-1.0261137005285734
-1.355449217389527
-1.1298150472963555
-0.2695426607042681
-0.4010940139688111
0.5162977847453711
-1.373895836720052
1.4036133912710922
0.6074137564096896
0.4447768293724133
-0.23909461541509722
0.660056557922747
0.7066517660509709
-0.08362060750230282
0.6066991094486657
-0.4791748417032541
0.18365870597966955
0.5067304399252899
-0.08073969210766269
-0.29291760308729
-0.19888323087733983
0.3513992679744472
0.08033938346797219
0.7868988009526294
1.3590621302435264
-0.4300409076903746
-1.3263660903383816
0.6854730408167679
0.12959960656130545
2.322180467151168
0.546673063988282
2.492304227199486
-0.4363513432873775
0.9696109986152194
-1.1071082349087749
-0.11196538408110061
-0.6355078357893886
-0.9393812067427193
1.0060255917221008
-1.1986791993619856
0.812125986317033
2.511657539903858
-0.18087047446668036
-0.14135691798321684
-0.6031619411866865
-0.8817292425223912
0.7525812101374323
0.9198339166190742
-1.0852408292027627
0.6696227089746745
0.004855431826241714
-0.7388739977037369
0.24639770190957558
-0.33546920262235763
0.7863553274394196
-1.001824694002694
1.4764853815064716
0.12487825612598269
-0.7482476855739215
0.1671615183932377
-0.09641386030138026
-0.24267973956862263
-0.5487491864521378
1.021916822349434
0.7142890815799776
-1.5742985208098967
-0.8006870400517605
0.8538852571184162
-1.0025903591103416
-0.2051656255461844
0.8871351151211331
-0.15904402699808423
0.23297302592743155
-0.04200722080641368
1.1653391697257756
-0.18203211407806663
0.3319375078266782
-0.7900589326685298
1.4133327727802694
0.5133840555612605
0.2326229594665433
-1.2762897813845255
0.5339641519389503
0.5888302572663145
0.4369126541774093
0.4150573058042722
0.07034659750216958
-0.6537151791726495
0.938212080356684
0.9888101827610106
0.08782656505455828
0.3313066530584945
0.7198254523918391
-0.521335311234079
0.3670601538540773
-0.086450440513952
-0.5131634519030923
0.2046428504551769
0.28289179811961296
0.15963542136472084
1.8752833503228064
-1.165335576055267
0.45352490768509807
0.5314730692642963
-0.9735932497168918
-0.42167002721621016
0.3230685805665046
-0.3247294930007167
-1.5439283361799805
0.7935703187653015
-0.3450292517396311
0.9795383795339819
0.9114071082250691
0.6925203525169028
0.1251735948523769
0.02622007839817263
0.16849498595630363
0.44507174228110097
-0.13781387899280317
-0.459712767872103
-0.2335087940097912
0.26171174483291193
0.13829304290970132
0.531748490546196
0.04912719390976403
-0.19206718822530014
-0.6484537150833797
-0.7798290450005655
-0.583052362698677
-0.061267707666553144
0.34553047702455697
-0.13845958078580844
0.4412278883547674
-0.1691304278712078
0.5615035104892203
-0.09996398760791099
0.19161107860412624
0.3923377058212341
-0.26587019659710287
-0.09401284275391268
-0.1614943609107418
0.03427400687201164
0.11124436062135952
0.3957239295565682
0.43994344340273506
0.08188951375084302
0.04056001095685967
0.04461222043403686
0.11953113574799008
0.40189149356643905
0.11839284566676052
-0.2572067751497734
0.1863756716764667
0.6889567301999907
0.14691733857159894
0.2935939300607403
-0.14871242694822748
-0.332711278868539
0.30994569033942526
0.2811064783800837
-0.02583192205175106
-0.5438842550021565
-0.3205794475892713
-0.6436956752974514
0.32145054221160896
-0.3960170924583396
0.30510348855883396
0.34509005982483726
0.10397950707760739
-0.25268641756562327
-0.0428550195655038
-0.599868945229674
-0.021694844810065648
0.03583625814678735
-0.37511966578783745
-0.03329254720788704
-0.09242322970285764
-0.32024549679342756
0.37271710432465227
-0.3191785408090806
-0.6595076274234698
-0.14952421414520323
0.12204427449887446
-0.24264650690438475
0.19535399280264554
0.015160254332359523
-0.3004054223069429
-0.4207725967289013
0.9262053245456228
0.2675811011877797
0.046543074564338094
0.11375472684758793
0.05079845303589503
-0.21948128309186327
0.03339746599263968
0.2726812533297388
-0.12228063550376782
0.38297876709573925
0.48870885888947074
0.001386181724092069
-0.026933139021519573
-0.18068769246517918
-0.553024820747119
0.07449500993672523
0.10489568978429462
-0.03569605600550865
0.3388453516880804
-0.06824846370421256
-0.35274091487592213
-0.09329272642170842
0.9815995699388109
0.07121190695632497
-0.025268625399952758
-0.10629576115346615
0.05645656707711506
-0.11785716633858932
-0.21791721194393704
0.01803184818886443
0.14280569369746512
0.29753760454460176
-0.07919046098252648
-0.17753908360956822
0.023621250192398285
-0.0508690465149356
0.08773844390448075
-0.3756417834231173
0.1655309777350347
-6.331015116009413E-4
-0.10449056481979395
0.1870983751247767
-0.3364371164365487
0.08626629505180752
0.16182993846400687
0.09200968233340118
-0.21081796469138858
-0.05749972008978799
0.05998694821124056
0.23298028084566927
-0.06281193054895452
-0.006945564321681539
-0.2352674730770327
0.008449441296999498
-0.40228434557565224
-0.25680026092862024
-0.03211955073794154
-0.02231863392929246
-0.29641437175382557
-0.508460174917427
0.0741198098918789
0.18365874517829345
0.09464567875790333
0.2704434826374822
-0.3141179366288099
0.05505621853704207
0.30910574999484575
